=== Results: MeshA* ===
Algorithm Instance: MeshA*
Parameters:
  Control Set: data/base_control_set.txt
  Map: maps/Moscow_0_512.map (with obstacles)
  Goal Tolerance: R = 0, A = 0 (discrete headings)
  Heuristic Weight (w): 1.5
  Lazy Evaluation: Disabled
Problem Instance:
  Start:  (163, 1, 14)
  Finish: (5, 467, 13)
Metrics:
  Solved: Yes
  Expansions (Steps): 17306
  Collision Checks: 37683
  Search Time (s): 0.006165
  Reconstruction Time (s): 3e-05
  Total Time (s): 0.006195
  Path Cost: 552.479
  Path Length (m): 552.479
  AOL Metric: 0.027255
--------------------
Primitive Sequence (IDs):
487 487 487 487 487 487 487 487 487 487 487 487 487 487 487 487 487 487 487 487 487 487 487 487 487 487 487 487 487 487 487 487 487 487 487 487 487 487 487 487 487 487 487 487 487 487 487 487 487 487 487 487 487 487 487 487 487 487 487 487 487 487 487 487 487 487 487 487 487 547 388 448 484 484 484 484 484 484 552 388 388 388 388 388 388 388 388 388 388 388 388 388 388 388 388 388 388 388 388 388 388 388 388 388 388 388 388 388 388 388 388 388 388 388 388 388 388 388 388 388 388 388 388 388 388 388 388 388 388 388 388 388 388 388 388 388 388 388 388 388 388 388 388 388 388 388 388 388 388 388 388 388 388 388 388 388 388 388 388 388 388 388 388 388 388 388 388 388 388 456 487 487 487 487 487 487 487 487 487 487 487 487 487 487 487 487 487 487 487 487 487 487 487 487 487 487 487 487 487 487 487 487 487 487 487 487 487 487 487 487 487 487 487 487 487 487 487 487 487 487 487 487 487 487 487 487 487 487 487 547 388 448 552 388 388 388 388 388 388 388 388 388 388 388 388 388 388 388 388 388 388 388 388 388 388 388 388 388 388 388 388 388 388 388 388 388 388 388 388 388 388 388 388 388 388 388 388 388 388 388 388 388 388 388 388 388 388 388 388 388 388 388 388 456 487 487 487 487 487 547 412 704 711 584 584 584 704 711 584 584 584 584 584 584 584 584 584 584 584 720 590 590 590 590 590 590 590 590 590 590 590 590 590 590 590 590 590 590 590 590 590 590 766 584 584 584 584 728 487 487 487 487 487 487 487 487 487 487 487 487 487 487 487 487 487 487 487 487 487 487 487 487 487 487 487 487 487 487 487 487 547 388 388 388 388 460 
