=== Results: MeshA* ===
Algorithm Instance: MeshA*
Parameters:
  Control Set: data/base_control_set.txt
  Map: maps/Moscow_0_512.map (with obstacles)
  Goal Tolerance: R = 0, A = 0 (discrete headings)
  Heuristic Weight (w): 1.5
  Lazy Evaluation: Disabled
Problem Instance:
  Start:  (481, 153, 14)
  Finish: (314, 484, 2)
Metrics:
  Solved: Yes
  Expansions (Steps): 8806
  Collision Checks: 18993
  Search Time (s): 0.003793
  Reconstruction Time (s): 5.5e-05
  Total Time (s): 0.003848
  Path Cost: 436.905
  Path Length (m): 436.904
  AOL Metric: 0.0443958
--------------------
Primitive Sequence (IDs):
487 487 487 487 487 487 487 487 487 487 487 487 487 487 487 487 555 391 391 391 391 391 391 391 391 391 451 487 487 487 487 487 487 487 487 487 487 487 487 487 487 487 487 487 487 487 487 487 487 487 487 487 487 487 487 487 487 487 487 487 487 487 487 487 487 487 487 487 487 487 487 487 487 487 487 487 487 487 487 487 487 487 487 487 487 487 487 487 487 487 487 487 487 487 487 487 487 487 487 487 487 487 487 487 487 487 487 487 487 487 487 487 487 487 487 487 487 487 487 487 487 487 487 487 487 487 487 487 487 487 487 487 487 487 487 487 487 487 487 487 487 487 487 487 487 487 487 487 487 487 487 487 487 487 487 487 487 487 487 487 487 487 487 487 487 487 487 487 487 487 487 487 547 388 388 388 388 388 388 388 388 388 388 388 388 388 388 388 388 388 388 388 388 452 591 711 704 711 720 726 720 726 720 726 720 726 720 590 590 590 590 590 638 487 487 487 487 487 487 487 487 487 487 487 487 547 460 707 710 707 590 590 590 726 584 584 584 584 584 584 584 584 584 584 584 584 584 584 584 584 584 584 584 584 584 584 584 584 584 584 584 736 484 
