=== Results: MeshA* ===
Algorithm Instance: MeshA*
Parameters:
  Control Set: data/base_control_set.txt
  Map: maps/Moscow_0_512.map (with obstacles)
  Goal Tolerance: R = 0, A = 0 (discrete headings)
  Heuristic Weight (w): 1.5
  Lazy Evaluation: Disabled
Problem Instance:
  Start:  (499, 67, 12)
  Finish: (6, 502, 10)
Metrics:
  Solved: Yes
  Expansions (Steps): 105293
  Collision Checks: 219305
  Search Time (s): 0.038415
  Reconstruction Time (s): 2.8e-05
  Total Time (s): 0.038443
  Path Cost: 746.534
  Path Length (m): 746.532
  AOL Metric: 0.0337144
--------------------
Primitive Sequence (IDs):
391 459 486 486 486 486 486 486 486 486 486 486 486 486 486 486 486 486 486 486 486 486 486 486 546 391 391 391 391 391 391 391 451 547 388 388 388 388 388 456 503 584 584 720 590 590 590 694 388 388 448 484 572 388 388 388 388 388 388 388 388 388 456 487 487 487 547 456 487 487 487 487 487 487 487 487 487 487 487 487 487 487 487 487 487 487 487 487 487 487 487 487 487 487 487 487 487 487 487 487 487 487 487 487 487 487 487 487 487 487 487 487 487 487 487 487 487 487 487 487 487 487 487 487 487 487 487 487 487 487 487 487 487 487 487 487 487 487 487 487 487 487 487 487 487 487 487 487 555 391 391 391 391 391 391 391 391 391 391 391 443 589 589 725 723 733 487 487 487 487 487 487 487 487 487 487 487 487 487 487 487 487 487 487 487 487 487 487 487 487 487 487 487 487 487 487 487 487 487 487 487 487 487 487 487 487 487 487 487 487 487 487 487 487 487 487 487 487 487 487 487 487 487 487 487 487 487 487 487 487 487 487 487 487 487 487 487 487 487 487 487 487 487 487 487 487 487 547 388 388 456 487 487 487 487 487 487 487 487 487 487 487 487 487 487 487 487 487 487 487 487 487 487 547 456 487 487 487 487 487 487 487 487 487 487 487 487 487 487 487 487 487 487 487 547 456 487 487 487 487 487 487 487 487 487 487 487 487 487 487 487 487 487 487 487 487 547 388 388 388 388 388 456 487 567 723 589 589 589 589 589 733 487 487 487 487 487 487 487 487 487 487 487 487 487 487 487 487 487 487 487 487 487 487 487 487 487 487 487 487 487 487 487 487 487 487 487 487 487 487 487 487 487 487 487 487 487 487 487 487 487 487 487 487 487 487 487 487 487 487 487 487 487 487 487 487 487 487 487 487 487 487 487 487 487 487 487 487 487 487 487 487 487 487 487 487 487 487 487 487 487 487 487 487 487 487 487 487 487 487 487 487 487 487 487 487 487 487 487 487 487 487 487 487 487 487 487 487 487 487 487 487 487 487 487 487 487 487 487 487 487 487 487 487 487 487 487 487 487 487 555 391 391 391 391 391 391 391 391 391 391 391 391 391 391 459 
