=== Results: MeshA* ===
Algorithm Instance: MeshA*
Parameters:
  Control Set: data/base_control_set.txt
  Map: maps/Labyrinth.map (with obstacles)
  Goal Tolerance: R = 0, A = 0 (discrete headings)
  Heuristic Weight (w): 5
  Lazy Evaluation: Disabled
Problem Instance:
  Start:  (124, 180, 4)
  Finish: (631, 742, 0)
Metrics:
  Solved: Yes
  Expansions (Steps): 5001436
  Collision Checks: 8925441
  Search Time (s): 1.91817
  Reconstruction Time (s): 0.000148
  Total Time (s): 1.91832
  Path Cost: 1497.46
  Path Length (m): 1497.47
  AOL Metric: 0.0408695
--------------------
Primitive Sequence (IDs):
389 389 389 389 389 389 389 389 389 389 389 389 389 389 389 389 389 389 389 389 389 389 389 389 389 389 389 389 389 389 389 389 389 389 389 389 457 484 484 484 484 484 484 484 484 484 484 484 484 484 484 484 484 484 484 484 484 484 484 484 484 484 484 484 484 484 484 484 484 484 484 484 484 484 484 484 484 484 484 484 484 484 484 484 484 552 456 487 487 487 487 487 487 487 487 487 487 487 487 487 487 487 487 487 487 487 487 487 487 487 487 487 487 487 487 487 487 487 487 487 487 487 487 487 487 487 487 487 487 487 487 487 487 487 487 487 487 487 487 487 487 547 388 456 487 487 487 487 547 388 388 388 388 388 388 388 388 388 388 388 388 388 388 388 388 388 388 388 388 388 388 388 388 388 388 388 388 388 388 388 388 388 388 388 388 388 388 388 388 388 388 388 388 448 484 484 544 449 553 389 389 389 389 389 389 389 389 389 389 389 389 389 389 389 389 389 389 389 389 389 389 389 389 389 389 389 389 389 389 389 389 389 389 389 389 389 389 389 389 389 389 389 389 389 389 389 389 389 389 389 389 389 389 389 389 389 389 389 389 389 389 389 389 389 389 389 389 389 389 389 389 389 389 389 389 389 389 389 389 389 389 389 389 389 389 389 389 389 389 389 389 389 389 389 389 389 389 389 389 389 389 389 389 389 389 389 389 389 389 389 389 389 389 389 389 389 389 389 389 389 389 389 389 389 389 389 389 389 389 389 389 389 389 389 389 389 389 389 389 389 389 389 389 389 389 389 389 389 389 389 389 389 389 389 389 389 389 389 389 389 389 389 389 389 389 389 389 389 389 389 389 389 389 389 389 389 457 552 388 388 388 388 388 388 388 388 388 388 388 388 388 388 388 388 388 388 388 388 388 388 388 388 388 388 388 388 388 388 388 388 388 388 388 388 388 388 388 388 388 452 727 721 591 591 591 591 591 591 591 591 591 591 591 591 591 591 711 584 720 726 584 584 584 584 584 584 584 584 584 584 584 584 584 584 584 584 584 704 727 705 708 585 585 585 585 585 585 585 585 585 585 585 585 585 585 585 585 585 585 585 585 585 585 585 585 585 585 585 585 585 585 585 585 721 591 591 591 591 591 591 591 591 591 591 591 591 591 591 591 591 591 591 591 711 584 720 590 590 726 584 584 584 720 710 707 726 584 584 584 720 590 590 726 584 584 584 584 584 704 767 585 585 585 585 721 727 585 585 705 588 588 588 588 588 588 588 588 588 588 588 588 588 588 708 705 588 588 588 588 588 588 588 588 588 588 588 588 588 588 588 588 588 588 588 588 588 588 588 588 588 708 585 585 585 585 585 737 485 485 485 485 569 390 390 390 390 390 390 390 458 485 485 485 485 485 485 485 485 485 485 485 485 485 485 485 485 485 485 485 485 485 485 485 485 485 485 485 573 389 457 544 389 389 389 389 389 389 389 389 389 457 484 484 484 484 484 484 484 484 484 484 484 484 484 484 484 484 484 484 484 484 484 484 484 484 484 484 484 484 484 484 484 484 484 484 552 388 388 456 487 487 487 487 487 487 487 487 487 487 487 487 487 487 487 487 487 487 487 487 487 487 487 487 487 547 388 388 388 388 388 448 544 389 389 461 704 727 721 591 591 591 591 591 591 591 591 591 591 711 584 584 584 584 584 584 584 584 584 720 726 720 590 590 590 590 590 590 590 590 590 590 590 590 590 590 590 590 590 590 590 590 726 704 591 591 591 591 591 591 591 591 711 584 584 584 584 720 726 720 590 726 584 584 584 584 584 720 726 720 590 590 590 590 590 590 590 590 590 590 590 590 590 590 590 590 590 590 590 590 590 590 590 590 590 590 590 590 590 590 590 590 590 590 590 590 590 590 590 590 590 590 590 590 590 590 590 590 590 590 590 590 590 590 590 590 590 590 590 590 590 590 590 590 590 590 590 590 590 590 590 590 590 590 590 590 590 590 590 590 590 590 590 590 710 731 486 550 715 
