=== Results: Lattice-Based A* ===
Algorithm Instance: LBA*
Parameters:
  Control Set: data/base_control_set.txt
  Map: maps/Labyrinth.map (with obstacles)
  Goal Tolerance: R = 0, A = 0 (discrete headings)
  Heuristic Weight (w): 5
  Lazy Evaluation: Disabled
Problem Instance:
  Start:  (124, 180, 4)
  Finish: (631, 742, 0)
Metrics:
  Solved: Yes
  Expansions (Steps): 1257649
  Collision Checks: 266831027
  Search Time (s): 4.04439
  Reconstruction Time (s): 6e-05
  Total Time (s): 4.04445
  Path Cost: 1480.78
  Path Length (m): 1480.78
  AOL Metric: 0.0697061
--------------------
Primitive Sequence (IDs):
433 576 576 576 600 512 449 529 607 500 673 480 524 456 487 511 606 487 563 606 487 563 606 563 590 710 715 460 627 464 728 507 600 480 480 480 480 492 727 697 687 517 500 697 727 673 492 735 485 525 473 517 480 480 480 480 564 672 515 440 678 520 728 563 686 528 678 480 480 480 480 480 480 512 449 485 485 485 485 485 485 485 485 537 601 485 525 473 541 449 485 525 465 577 585 585 585 585 585 585 585 585 585 585 585 585 585 585 585 585 585 585 585 585 585 585 585 585 585 585 585 689 449 533 647 712 437 576 576 576 576 576 576 720 678 512 389 389 465 585 745 405 604 561 604 561 604 561 588 604 561 604 561 604 561 588 604 561 588 604 561 588 604 561 604 485 485 565 761 751 389 429 540 384 384 464 632 516 507 672 503 632 516 547 388 388 452 727 697 695 389 389 437 712 389 437 576 576 696 726 672 499 428 499 428 503 712 461 712 389 421 472 532 670 576 664 582 582 582 582 582 582 582 582 582 582 582 582 582 582 582 582 582 582 606 483 483 539 587 715 388 388 
